0 0.309421 0.666102 0.256773 0.196736
0 0.293822 0.518396 0.080665 0.025092
0 0.464696 0.335360 0.054187 0.064193
1 0.727525 0.774784 0.038793 0.025246
0 0.664204 0.794740 0.071429 0.021772
0 0.270218 0.802879 0.023194 0.015548
0 0.455768 0.738377 0.026067 0.015856
0 0.891728 0.791333 0.032635 0.020166
0 0.700123 0.457897 0.122742 0.028479
0 0.794027 0.734144 0.042077 0.016933
0 0.823276 0.457281 0.111248 0.024477
0 0.269191 0.163331 0.067939 0.068658
1 0.629823 0.595058 0.035920 0.020782
0 0.846264 0.797414 0.053777 0.020936
0 0.847085 0.516703 0.105501 0.029095
0 0.624487 0.405172 0.134031 0.022783
0 0.634236 0.733143 0.064860 0.023245
0 0.781199 0.233528 0.039819 0.019089
0 0.273194 0.461284 0.033251 0.019858
0 0.339286 0.803033 0.050082 0.019243
0 0.831138 0.347910 0.123563 0.028626
0 0.622537 0.457743 0.028736 0.016780
0 0.844007 0.234452 0.083333 0.018165
0 0.393165 0.518858 0.104064 0.022937
0 0.858990 0.731142 0.036125 0.020166
0 0.441948 0.181573 0.098734 0.020782
1 0.788383 0.427494 0.018883 0.016626
0 0.742611 0.515779 0.100164 0.025400
0 0.561987 0.291718 0.111658 0.020628
1 0.521962 0.601524 0.023399 0.019858
0 0.318452 0.292873 0.033046 0.020474
0 0.273912 0.299030 0.049056 0.020782
1 0.706589 0.653787 0.016215 0.016626
0 0.500718 0.516395 0.099959 0.020474
0 0.378284 0.575431 0.058292 0.017857
0 0.716030 0.618534 0.069992 0.020936
0 0.853230 0.401170 0.077202 0.021244
0 0.265702 0.221367 0.033867 0.046798
0 0.303982 0.240302 0.032430 0.021860
0 0.349138 0.235530 0.052545 0.021552
1 0.305111 0.773476 0.037151 0.021090
0 0.502155 0.737608 0.062192 0.026324
0 0.736761 0.733836 0.067529 0.021552
0 0.612685 0.180111 0.057471 0.016626
0 0.190476 0.170951 0.096059 0.076509
1 0.668617 0.432163 0.019910 0.020421
0 0.602011 0.516626 0.095649 0.023707
0 0.741430 0.403787 0.094109 0.025862
0 0.723112 0.347906 0.080870 0.018473
1 0.307574 0.491148 0.016626 0.015856
0 0.786741 0.796259 0.055008 0.016780
0 0.481527 0.408944 0.089901 0.026940
1 0.728038 0.430265 0.024220 0.020936
0 0.460283 0.295259 0.086002 0.018165
1 0.524938 0.273108 0.015394 0.017583
1 0.447250 0.781943 0.023810 0.022321
0 0.226976 0.530721 0.028736 0.076529
0 0.790640 0.619381 0.046798 0.018011
1 0.348522 0.777478 0.016831 0.016472
1 0.757697 0.391087 0.011289 0.009390
1 0.560755 0.594443 0.023810 0.014317
1 0.275452 0.778479 0.016420 0.020628
0 0.686782 0.733759 0.032430 0.017087
0 0.671593 0.514932 0.038588 0.016626
1 0.864840 0.589978 0.018678 0.017703
0 0.665127 0.678033 0.027299 0.017087
0 0.637828 0.350985 0.086823 0.022783
1 0.734811 0.583436 0.028736 0.018473
0 0.617406 0.678110 0.058292 0.019089
1 0.795977 0.153941 0.013957 0.019704
1 0.440989 0.267549 0.012521 0.015086
0 0.375616 0.296875 0.078818 0.025400
0 0.424158 0.802725 0.035509 0.018935
1 0.450739 0.378156 0.015189 0.015548
1 0.752874 0.496536 0.012315 0.011238
0 0.578818 0.622075 0.066502 0.017857
0 0.547311 0.458744 0.091749 0.016933
1 0.834873 0.769012 0.014984 0.015856
1 0.308908 0.220289 0.011905 0.016626
1 0.491174 0.706435 0.011905 0.015394
0 0.273399 0.353448 0.038998 0.016933
0 0.402196 0.238916 0.040846 0.021244
1 0.428366 0.544027 0.010263 0.012007
1 0.492919 0.393704 0.012931 0.016164
1 0.600677 0.154326 0.021962 0.018935
1 0.708128 0.499766 0.011905 0.018005
1 0.440579 0.637469 0.010468 0.016626
1 0.640907 0.380696 0.010468 0.011700
1 0.253387 0.771783 0.013752 0.017703
0 0.541051 0.678648 0.048440 0.016472
0 0.478756 0.462208 0.035509 0.021706
1 0.555727 0.152478 0.038383 0.022937
1 0.828202 0.320120 0.012315 0.016780
1 0.373255 0.502848 0.012931 0.011853
1 0.323892 0.265086 0.011494 0.012007
1 0.519807 0.431419 0.010878 0.011546
1 0.327791 0.502617 0.009442 0.011700
1 0.311679 0.431727 0.009647 0.012469
0 0.577784 0.736299 0.046813 0.016010
0 0.349651 0.185037 0.082307 0.017857
1 0.385673 0.264163 0.013547 0.016010
1 0.719725 0.280249 0.012110 0.010930
1 0.407841 0.267780 0.010673 0.012161
0 0.707307 0.182189 0.075534 0.024169
1 0.553844 0.698065 0.021552 0.021345
1 0.557163 0.651093 0.017857 0.016472
0 0.525452 0.799338 0.114943 0.019243
0 0.666975 0.236915 0.079023 0.016933
1 0.505131 0.497306 0.010673 0.009083
1 0.606117 0.491456 0.013136 0.011546
0 0.381671 0.350369 0.085181 0.018473
1 0.892652 0.765779 0.016831 0.016780
0 0.315168 0.351755 0.043719 0.015394
0 0.724138 0.676724 0.082102 0.020628
1 0.619971 0.329741 0.011289 0.011392
1 0.674569 0.497383 0.014984 0.011084
1 0.495587 0.610376 0.012931 0.016010
1 0.661535 0.271090 0.009031 0.012623
1 0.778325 0.490456 0.009852 0.012007
1 0.777812 0.391010 0.010878 0.011084
1 0.469417 0.388624 0.013957 0.014624
1 0.270525 0.498692 0.010673 0.011546
0 0.542693 0.348830 0.102217 0.023399
0 0.662562 0.621228 0.027504 0.014624
1 0.277401 0.333667 0.011289 0.010006
1 0.553879 0.427494 0.021962 0.015394
1 0.586925 0.694581 0.010878 0.012931
0 0.459445 0.573329 0.095551 0.018165
1 0.292590 0.281635 0.009236 0.013085
1 0.305111 0.380619 0.011700 0.011853
0 0.500616 0.679957 0.029557 0.015086
0 0.568765 0.234991 0.115343 0.021706
1 0.641420 0.159560 0.029967 0.027248
1 0.554803 0.266756 0.011084 0.013500
1 0.753181 0.701893 0.011700 0.012161
1 0.474343 0.543719 0.009031 0.012315
1 0.772578 0.275708 0.011494 0.012623
1 0.621100 0.216903 0.009852 0.010776
0 0.703240 0.546644 0.389648 0.046490
1 0.592672 0.386546 0.009647 0.012315
1 0.434934 0.498922 0.014778 0.016318
1 0.829741 0.658944 0.014573 0.018011
0 0.776273 0.174338 0.043514 0.027248
0 0.665640 0.291564 0.090312 0.017857
0 0.875308 0.156866 0.036330 0.014778
1 0.571634 0.206358 0.010673 0.012161
1 0.886802 0.313501 0.010878 0.012777
1 0.273707 0.433728 0.011289 0.011853
1 0.737172 0.217903 0.013342 0.015856
1 0.273810 0.281943 0.014368 0.015856
1 0.318760 0.333590 0.012726 0.013239
1 0.443144 0.544181 0.010673 0.012315
1 0.274631 0.376462 0.009031 0.012161
1 0.287254 0.218981 0.010057 0.011238
1 0.411946 0.158097 0.009442 0.012623
1 0.625821 0.693812 0.014778 0.014470
0 0.734093 0.236838 0.051929 0.014932
0 0.829089 0.619535 0.027226 0.015548
1 0.735530 0.652171 0.012931 0.012777
0 0.450739 0.235914 0.051314 0.020474
1 0.646039 0.692734 0.011289 0.012315
0 0.223009 0.246382 0.031814 0.074969
0 0.223214 0.311268 0.030583 0.072352
1 0.513855 0.710283 0.012110 0.011392
1 0.338259 0.382004 0.014778 0.016164
1 0.808703 0.494920 0.013136 0.013547
1 0.813629 0.697583 0.036125 0.022629
1 0.594212 0.209975 0.011084 0.011084
1 0.596675 0.600139 0.015599 0.016472
0 0.222734 0.377503 0.034688 0.078772
1 0.813321 0.757697 0.011700 0.017857
1 0.890497 0.585283 0.034278 0.014778
1 0.394910 0.336669 0.010673 0.012931
0 0.340004 0.461669 0.097906 0.018473
1 0.519704 0.398322 0.011084 0.011238
1 0.780172 0.210591 0.011084 0.012007
1 0.577689 0.488839 0.010057 0.012469
1 0.637213 0.277248 0.010057 0.009852
1 0.421695 0.341518 0.011289 0.011238
1 0.485735 0.273172 0.012110 0.016172
1 0.890497 0.654095 0.017447 0.016626
1 0.731759 0.390243 0.013957 0.018320
1 0.836925 0.435770 0.010057 0.013474
1 0.448789 0.166795 0.015805 0.017087
1 0.325842 0.432112 0.010468 0.013239
1 0.612377 0.648630 0.011289 0.011546
0 0.437705 0.441887 0.042077 0.049415
1 0.517652 0.151786 0.015189 0.015702
1 0.247742 0.365610 0.013136 0.017857
0 0.489327 0.624846 0.096880 0.025246
1 0.687705 0.274861 0.017036 0.015548
1 0.414204 0.786792 0.012726 0.016318
1 0.784278 0.779865 0.018062 0.015702
1 0.341544 0.544874 0.010673 0.010622
1 0.596880 0.784868 0.043924 0.018935
1 0.402812 0.503233 0.012521 0.011700
1 0.852012 0.652709 0.024079 0.019704
0 0.541461 0.407482 0.024220 0.011700
1 0.352833 0.332820 0.011494 0.012007
1 0.685726 0.158422 0.011846 0.016591
1 0.858682 0.493688 0.010468 0.010776
0 0.343904 0.408020 0.189450 0.021706
1 0.484401 0.430834 0.014778 0.014377
1 0.521449 0.773861 0.011289 0.012007
1 0.580562 0.331127 0.011700 0.011700
1 0.735222 0.321813 0.013136 0.010930
0 0.382287 0.807266 0.041667 0.042180
1 0.504516 0.543411 0.011084 0.011700
1 0.384852 0.442644 0.013957 0.015830
1 0.375308 0.544951 0.009647 0.009544
1 0.822763 0.215695 0.014573 0.016057
1 0.623461 0.429803 0.012110 0.011084
1 0.635365 0.489532 0.012521 0.012315
1 0.695813 0.774015 0.015189 0.017857
1 0.341030 0.433344 0.009647 0.011700
1 0.382768 0.384203 0.025657 0.022102
1 0.529351 0.655018 0.012726 0.012315
1 0.407225 0.344366 0.013136 0.010160
1 0.463670 0.273296 0.011905 0.013032
0 0.858169 0.286253 0.055829 0.025400
1 0.804085 0.316733 0.019910 0.016780
1 0.576765 0.644781 0.011494 0.017087
1 0.501642 0.667257 0.014368 0.010622
1 0.354988 0.275862 0.011289 0.013547
0 0.225062 0.455049 0.034688 0.075123
1 0.554700 0.772937 0.011289 0.010776
1 0.581486 0.433635 0.023810 0.019672
1 0.668309 0.781173 0.013547 0.010622
1 0.488403 0.539178 0.010468 0.012777
1 0.811268 0.438655 0.010057 0.012777
1 0.355911 0.434883 0.008621 0.011700
1 0.361864 0.225139 0.013136 0.015240
1 0.852114 0.324276 0.012521 0.013085
1 0.709462 0.386392 0.011289 0.016010
0 0.816498 0.290396 0.027389 0.019324
1 0.620690 0.388624 0.010673 0.011853
1 0.442663 0.693311 0.011494 0.019543
1 0.696973 0.693270 0.010744 0.011084
0 0.825890 0.179676 0.058239 0.017241
1 0.860324 0.776016 0.017036 0.018781
1 0.482143 0.777248 0.016831 0.016933
1 0.507800 0.218596 0.010263 0.012315
0 0.317939 0.571716 0.050082 0.023748
0 0.220382 0.845114 0.053777 0.160363
0 0.757947 0.182008 0.025158 0.019189
1 0.732451 0.157943 0.016215 0.016626
1 0.251334 0.542026 0.014984 0.016626
1 0.835489 0.143048 0.012521 0.013929
1 0.250821 0.486915 0.015599 0.016010
1 0.475883 0.163485 0.008415 0.012931
1 0.859709 0.393353 0.008826 0.013615
1 0.908149 0.497537 0.008415 0.011084
0 0.856938 0.619689 0.022578 0.014317
0 0.756720 0.292749 0.090206 0.023306
1 0.447968 0.610453 0.019910 0.042334
0 0.543206 0.736222 0.016215 0.014932
1 0.563834 0.330588 0.012315 0.010622
1 0.458846 0.720674 0.023194 0.014009
1 0.912254 0.378728 0.009236 0.011700
1 0.581178 0.271321 0.012931 0.013085
1 0.538588 0.213285 0.012726 0.013393
1 0.872051 0.653556 0.014929 0.018011
1 0.788896 0.276016 0.013752 0.012931
1 0.459052 0.551878 0.010878 0.011084
0 0.450842 0.681650 0.027709 0.016933
1 0.863095 0.442426 0.013136 0.010468
1 0.913998 0.264009 0.012315 0.012007
1 0.374282 0.164399 0.009236 0.014759
1 0.342211 0.165611 0.009279 0.014544
1 0.651719 0.323058 0.015599 0.020449
1 0.666769 0.640702 0.020731 0.019397
1 0.655480 0.211746 0.011289 0.012469
1 0.853140 0.694947 0.011700 0.026902
1 0.664409 0.376001 0.012726 0.013085
1 0.379240 0.333596 0.008621 0.012931
1 0.789511 0.699200 0.012521 0.017241
1 0.911946 0.657866 0.010263 0.009698
1 0.911535 0.770320 0.009852 0.009544
1 0.727319 0.691964 0.021552 0.010776
1 0.834667 0.584975 0.014163 0.012007
1 0.785406 0.586207 0.012931 0.012007
1 0.883826 0.273322 0.015599 0.010930
1 0.817734 0.145243 0.014778 0.013393
1 0.546388 0.386623 0.011494 0.012161
0 0.886700 0.676416 0.031199 0.019704
1 0.417590 0.397091 0.014984 0.012161
0 0.220135 0.078890 0.060140 0.100822
1 0.697352 0.596463 0.013342 0.022283
1 0.245141 0.249592 0.009647 0.018580
1 0.472211 0.506473 0.012315 0.010160
1 0.882081 0.496998 0.014573 0.012161
0 0.567639 0.108331 0.638348 0.045909
1 0.299428 0.141858 0.009667 0.018189
1 0.315878 0.174547 0.009328 0.016154
1 0.354375 0.159348 0.010345 0.016535
1 0.703735 0.154769 0.022895 0.019079
1 0.909705 0.229304 0.010515 0.013228
1 0.873327 0.225171 0.008988 0.015136
1 0.866459 0.281072 0.009497 0.012974
1 0.682621 0.217475 0.011193 0.013737
1 0.462490 0.228541 0.015942 0.016026
1 0.397791 0.228986 0.012041 0.014119
1 0.243038 0.196743 0.008480 0.019588
1 0.748931 0.275730 0.011532 0.018316
1 0.910892 0.313253 0.009497 0.015263
1 0.783274 0.321838 0.011023 0.015390
1 0.700259 0.323301 0.010854 0.014246
1 0.537620 0.339772 0.009158 0.012592
1 0.495476 0.345369 0.010345 0.012592
1 0.366671 0.333413 0.009836 0.013355
1 0.247532 0.311154 0.010006 0.021241
1 0.571708 0.386898 0.010176 0.013228
1 0.882485 0.389187 0.008988 0.015518
1 0.912927 0.433642 0.009158 0.011575
1 0.465797 0.431925 0.010345 0.014500
1 0.448838 0.429254 0.011023 0.017807
1 0.369130 0.444644 0.010684 0.015518
1 0.250246 0.441273 0.016790 0.040829
1 0.533295 0.488971 0.009667 0.014119
1 0.732990 0.502517 0.010515 0.014500
1 0.832795 0.503408 0.009328 0.012719
1 0.913181 0.589200 0.007292 0.013355
1 0.665577 0.596514 0.013059 0.017553
1 0.462745 0.599630 0.009667 0.014119
1 0.473090 0.599439 0.010006 0.014500
1 0.453332 0.657058 0.014246 0.019079
1 0.467324 0.660747 0.011023 0.014500
1 0.787853 0.653433 0.032053 0.019715
1 0.888167 0.688412 0.027474 0.019715
1 0.913351 0.690892 0.010684 0.011702
1 0.685928 0.693754 0.011363 0.013610
1 0.647855 0.781009 0.012889 0.013101
0 0.523968 0.180080 0.054778 0.018062
0 0.870529 0.140205 0.034936 0.017680
0 0.495985 0.236491 0.029000 0.019969
0 0.802607 0.403751 0.026287 0.020224
0 0.400165 0.459907 0.017807 0.018316
0 0.271360 0.574827 0.024760 0.020478
0 0.822874 0.678236 0.032223 0.025312
0 0.783189 0.674993 0.026456 0.019588
2 0.575427 0.140114 0.561329 0.009333
2 0.574923 0.150078 0.560993 0.008576
2 0.575427 0.159789 0.559984 0.008829
2 0.577277 0.168618 0.565029 0.009838
2 0.576268 0.195987 0.667272 0.009585
2 0.575932 0.205320 0.666599 0.010090
2 0.575427 0.215662 0.666936 0.009585
2 0.577782 0.224743 0.666936 0.009081
2 0.573914 0.246940 0.675344 0.012108
2 0.580136 0.256525 0.668281 0.012108
2 0.575764 0.266615 0.682407 0.011099
2 0.576941 0.275822 0.681398 0.012360
2 0.574923 0.306470 0.669290 0.015135
2 0.575764 0.315803 0.668281 0.016648
2 0.574418 0.326145 0.667608 0.016648
2 0.575932 0.335730 0.667272 0.015135
2 0.575259 0.361459 0.670635 0.013117
2 0.576100 0.370792 0.668954 0.014630
2 0.575259 0.381134 0.673326 0.013621
2 0.578286 0.390089 0.671981 0.012864
2 0.575932 0.415692 0.667272 0.013117
2 0.577445 0.425530 0.669626 0.014630
2 0.578118 0.434989 0.670972 0.013369
2 0.579800 0.444448 0.670972 0.013117
2 0.575596 0.474843 0.667272 0.009838
2 0.574587 0.484681 0.669290 0.009333
2 0.573746 0.494519 0.668954 0.010847
2 0.576941 0.503852 0.668617 0.011351
2 0.379013 0.533112 0.272761 0.006306
2 0.379853 0.542823 0.268389 0.006558
2 0.378172 0.552535 0.275115 0.006306
2 0.379853 0.560859 0.277806 0.005802
2 0.675316 0.584318 0.481956 0.011351
2 0.673130 0.594534 0.477584 0.010594
2 0.671953 0.603741 0.477920 0.010342
2 0.672626 0.613452 0.475902 0.009585
2 0.674812 0.635271 0.472875 0.009838
2 0.675148 0.645235 0.468839 0.009585
2 0.673130 0.655829 0.474221 0.009585
2 0.675485 0.664658 0.475566 0.010090
2 0.677671 0.691144 0.471866 0.012108
2 0.677334 0.700603 0.471866 0.011856
2 0.678343 0.710314 0.474557 0.012108
2 0.679520 0.719773 0.477584 0.012864
2 0.581986 0.759880 0.667272 0.015891
2 0.580640 0.769466 0.659873 0.014882
2 0.578118 0.780060 0.662900 0.017405
2 0.578791 0.789897 0.665590 0.016900