0 0.384035 0.542004 0.211435 0.008106
0 0.728155 0.089167 0.429342 0.013265
0 0.378101 0.459838 0.182309 0.008843
0 0.707659 0.570744 0.474649 0.011054
0 0.697950 0.587325 0.483279 0.011791
0 0.388350 0.183861 0.222222 0.008106
0 0.523193 0.687915 0.474649 0.012528
0 0.597627 0.787767 0.623517 0.016212
0 0.359763 0.487472 0.182309 0.006632
0 0.747033 0.186441 0.387271 0.011791
0 0.382956 0.533161 0.209277 0.008106
0 0.676375 0.369934 0.509169 0.013265
0 0.370550 0.469418 0.167206 0.008843
0 0.791262 0.267502 0.292341 0.010317
0 0.684466 0.362564 0.512406 0.013265
0 0.739482 0.213338 0.400216 0.011054
0 0.588457 0.313928 0.376483 0.010317
0 0.755663 0.533530 0.363538 0.010317
0 0.585221 0.295505 0.378641 0.008843
0 0.608954 0.414886 0.652643 0.017686
0 0.395361 0.193810 0.208198 0.008843
0 0.791802 0.258290 0.289105 0.009580
0 0.394822 0.211864 0.217907 0.008106
0 0.392125 0.542741 0.203883 0.008106
0 0.351133 0.093589 0.145631 0.007369
0 0.795577 0.241710 0.298813 0.011791
0 0.735707 0.194547 0.396980 0.008843
0 0.629450 0.140752 0.682848 0.017686
0 0.578749 0.741710 0.512406 0.014001
0 0.601402 0.814665 0.663430 0.016949
0 0.748112 0.516581 0.404531 0.013265
0 0.438511 0.257922 0.307443 0.008843
0 0.748112 0.542373 0.376483 0.010317
0 0.860841 0.460943 0.170442 0.009580
0 0.677454 0.378040 0.513484 0.011791
0 0.731392 0.093957 0.422869 0.011054
0 0.611650 0.424834 0.651564 0.014001
0 0.615426 0.642962 0.667745 0.016949
0 0.606796 0.624171 0.665588 0.019160
0 0.857066 0.487104 0.167206 0.007369
0 0.572816 0.759764 0.537217 0.013265
0 0.381877 0.516581 0.204962 0.010317
0 0.350593 0.102432 0.144552 0.007369
0 0.363538 0.478261 0.181230 0.007369
0 0.604099 0.431835 0.645092 0.017686
0 0.850593 0.469786 0.169364 0.008106
0 0.369471 0.488946 0.173679 0.009580
0 0.605178 0.158438 0.673139 0.016212
0 0.598706 0.731761 0.502697 0.011791
0 0.852211 0.479366 0.166127 0.006632
0 0.730852 0.103169 0.423948 0.010317
0 0.770227 0.203390 0.347357 0.010317
0 0.534520 0.705232 0.482201 0.010317
2 0.349957 0.076373 0.132836 0.008463
2 0.725753 0.077078 0.430169 0.008933
2 0.728162 0.095885 0.436364 0.008933
2 0.613909 0.131383 0.668999 0.008463
2 0.614941 0.149015 0.672441 0.007993
2 0.384715 0.202850 0.221623 0.009403
2 0.436335 0.239758 0.313852 0.006112
2 0.439088 0.249632 0.306969 0.005172
2 0.440465 0.268674 0.311098 0.006582
2 0.792171 0.249397 0.295956 0.009403
2 0.320705 0.295004 0.079839 0.007523
2 0.319673 0.302762 0.081904 0.006112
2 0.322082 0.311460 0.082593 0.006582
2 0.318641 0.321334 0.075710 0.005642
2 0.585001 0.305818 0.386808 0.008463
2 0.583969 0.322509 0.390250 0.007053
2 0.678606 0.350484 0.529969 0.007523
2 0.612876 0.405730 0.662805 0.007053
2 0.382306 0.523274 0.219558 0.010814
2 0.740895 0.524214 0.401262 0.004232
2 0.307284 0.567940 0.061256 0.006112
2 0.305219 0.576168 0.064009 0.004702
2 0.306940 0.584396 0.063321 0.005172
2 0.304875 0.594035 0.064697 0.006582
2 0.697534 0.578049 0.489361 0.005642
2 0.700287 0.595681 0.482478 0.006112
2 0.608747 0.631884 0.666935 0.008933
2 0.615630 0.649280 0.662805 0.008933
2 0.517207 0.677961 0.500373 0.007053
2 0.512389 0.694417 0.483854 0.009874
2 0.580528 0.749428 0.501749 0.007053
2 0.916748 0.728035 0.052309 0.005642
2 0.919501 0.736733 0.042673 0.005172
2 0.917092 0.745196 0.050244 0.007993
2 0.920534 0.754129 0.037855 0.009874
2 0.592572 0.795035 0.642845 0.006112
2 0.599111 0.803968 0.668311 0.009874
2 0.358904 0.085306 0.138342 0.005642