2 0.270038 0.073158 0.343281 0.005798
2 0.258527 0.080150 0.319236 0.004093
2 0.269270 0.088336 0.349932 0.004775
2 0.266201 0.096351 0.337653 0.005798
2 0.264922 0.109993 0.333049 0.005116
2 0.263643 0.117838 0.333561 0.005116
2 0.265945 0.125171 0.343281 0.005457
2 0.264666 0.131992 0.340723 0.004093
2 0.268759 0.154332 0.337653 0.003752
2 0.268503 0.162347 0.337142 0.005457
2 0.267991 0.168656 0.339188 0.003752
2 0.264154 0.176330 0.332538 0.004775
2 0.272084 0.203274 0.354536 0.004093
2 0.265433 0.211460 0.343281 0.003411
2 0.263643 0.220157 0.339700 0.005116
2 0.254633 0.249289 0.329976 0.005238
2 0.260677 0.257146 0.340854 0.005641
2 0.260375 0.265808 0.340250 0.006044
2 0.259770 0.273060 0.342667 0.005238
2 0.262188 0.294011 0.335415 0.006849
2 0.264907 0.301868 0.354150 0.004835
2 0.260979 0.309321 0.337832 0.004432
2 0.264605 0.316372 0.345085 0.005641
2 0.257051 0.337927 0.337228 0.005238
2 0.260073 0.345381 0.337228 0.005641
2 0.258562 0.353640 0.339041 0.005238
2 0.259166 0.361900 0.340250 0.006446
2 0.263094 0.383052 0.342063 0.004432
2 0.262490 0.390304 0.340854 0.005238
2 0.261281 0.397758 0.338437 0.004029
2 0.261886 0.405413 0.342063 0.004835
2 0.262490 0.427573 0.339645 0.004029
2 0.257655 0.434623 0.334811 0.003626
2 0.265210 0.441876 0.342667 0.002820
2 0.262188 0.449329 0.339041 0.004835
2 0.266418 0.469273 0.345085 0.004432
2 0.268836 0.476525 0.348711 0.003626
2 0.260677 0.484382 0.336019 0.003223
2 0.263396 0.492641 0.341459 0.004432
2 0.263094 0.513592 0.344480 0.003626
2 0.261583 0.522254 0.341459 0.003223
2 0.266116 0.530917 0.340854 0.003626
2 0.196011 0.537967 0.204271 0.004029
2 0.267023 0.559120 0.340250 0.006044
2 0.261583 0.566170 0.336624 0.004835
2 0.271857 0.573826 0.325745 0.006446
2 0.266418 0.582287 0.346293 0.005641
2 0.267627 0.603439 0.351128 0.005238
2 0.263396 0.611295 0.341459 0.004029
2 0.264907 0.618548 0.343272 0.004029
2 0.263699 0.626203 0.342063 0.004029
2 0.265210 0.648161 0.349919 0.006044
2 0.262792 0.655413 0.342667 0.003626
2 0.265814 0.663471 0.349919 0.006849
2 0.263094 0.671126 0.348106 0.004432
2 0.262188 0.692681 0.345085 0.004835
2 0.263699 0.700135 0.345689 0.004432
2 0.264001 0.708193 0.341459 0.006044
2 0.262490 0.715647 0.338437 0.004835
2 0.265512 0.738008 0.339645 0.005238
2 0.262188 0.745663 0.336624 0.005238
2 0.266720 0.752311 0.349315 0.003223
2 0.261886 0.760570 0.342063 0.004432
2 0.268533 0.776686 0.342063 0.004432
2 0.264907 0.782730 0.344480 0.005238
2 0.263396 0.790586 0.341459 0.006446
2 0.261886 0.798846 0.342063 0.006044