0 0.597732 0.393950 0.299136 0.010431
0 0.674406 0.613004 0.154428 0.004868
0 0.623110 0.186370 0.250540 0.011127
0 0.500114 0.100915 0.493521 0.013908
0 0.629050 0.212448 0.247300 0.006259
0 0.488121 0.545897 0.522678 0.011127
0 0.271697 0.297214 0.370276 0.011127
0 0.636069 0.307719 0.226782 0.009040
0 0.431924 0.494985 0.631460 0.009147
0 0.491361 0.562935 0.509719 0.013213
0 0.267279 0.213143 0.350972 0.009040
0 0.637149 0.315716 0.224622 0.008345
0 0.273758 0.263487 0.363931 0.011822
0 0.628250 0.263561 0.244580 0.006954
0 0.396604 0.656945 0.644034 0.016162
0 0.298725 0.615458 0.453781 0.006071
0 0.266739 0.195063 0.341253 0.010431
0 0.521661 0.135541 0.481641 0.003671
0 0.637149 0.291029 0.233261 0.009040
0 0.501147 0.082754 0.490540 0.013908
0 0.627970 0.236439 0.247300 0.011127
0 0.429001 0.714955 0.622581 0.014055
0 0.269978 0.245828 0.354212 0.010431
0 0.600972 0.412378 0.301296 0.008345
0 0.229482 0.416898 0.286177 0.009040
0 0.627970 0.194715 0.247300 0.009736
0 0.403908 0.452565 0.635157 0.009990
0 0.226242 0.407858 0.288337 0.009040
0 0.274298 0.239221 0.365011 0.013908
0 0.495971 0.777121 0.498920 0.011822
0 0.501620 0.109179 0.493521 0.011127
0 0.147948 0.108484 0.123110 0.008345
0 0.432651 0.698319 0.638625 0.015888
0 0.597732 0.403338 0.294816 0.009736
0 0.629590 0.202364 0.246220 0.008345
0 0.592333 0.419332 0.288337 0.009736
0 0.626350 0.245828 0.241901 0.009040
0 0.626890 0.253825 0.238661 0.008345
0 0.274334 0.313262 0.371563 0.007609
0 0.416566 0.509167 0.657667 0.015299
0 0.274199 0.305633 0.370504 0.011822
0 0.278618 0.289986 0.386609 0.011127
0 0.268359 0.189152 0.355292 0.011127
0 0.512274 0.142549 0.466460 0.006640
0 0.671166 0.628303 0.156587 0.007650
0 0.673326 0.619263 0.165227 0.006259
0 0.414239 0.358484 0.659643 0.013213
0 0.406670 0.444441 0.638063 0.011488
0 0.228402 0.392211 0.290497 0.009736
0 0.145248 0.092142 0.119870 0.007650
0 0.173326 0.161683 0.158747 0.007650
0 0.485421 0.555285 0.519438 0.011822
0 0.494876 0.760010 0.503790 0.012665
0 0.269978 0.252782 0.356371 0.010431
0 0.170626 0.136648 0.168467 0.010431
0 0.266199 0.202712 0.342333 0.010431
0 0.638198 0.298471 0.230313 0.007650
0 0.495805 0.751053 0.503634 0.012792
0 0.627970 0.238526 0.249460 0.008345
0 0.303902 0.596525 0.454644 0.012832
0 0.415081 0.469242 0.647948 0.009294
0 0.498494 0.767552 0.503240 0.011822
0 0.402870 0.672769 0.654428 0.014604
0 0.431125 0.503915 0.624813 0.009234
0 0.399241 0.664127 0.646443 0.014223
0 0.171166 0.153686 0.165227 0.006954
0 0.674946 0.604312 0.166307 0.006954
0 0.112311 0.770862 0.066955 0.007650
0 0.171166 0.145688 0.165227 0.007650
0 0.394677 0.647433 0.642217 0.014456
0 0.517409 0.160155 0.471922 0.005904
0 0.414687 0.340056 0.669546 0.011127
0 0.435439 0.723996 0.634044 0.017385
0 0.487581 0.570584 0.512959 0.010431
0 0.515005 0.150844 0.465443 0.002955
0 0.301415 0.605565 0.462754 0.011989
0 0.124190 0.557371 0.095032 0.006259
0 0.300703 0.622034 0.453416 0.012644
0 0.496667 0.092109 0.483801 0.018081
0 0.440257 0.522420 0.639309 0.016690
0 0.601512 0.420028 0.302376 0.006954
0 0.431696 0.706477 0.631271 0.013908
0 0.110151 0.755216 0.069114 0.006954
0 0.124190 0.567455 0.095032 0.006954
0 0.406587 0.364743 0.653348 0.010431
0 0.400236 0.461454 0.627370 0.010532