2 0.384035 0.542004 0.211435 0.008106
2 0.730190 0.094496 0.429342 0.007240
2 0.378101 0.459838 0.182309 0.008843
2 0.707659 0.570744 0.474649 0.011054
2 0.697950 0.587325 0.483279 0.011791
2 0.388350 0.183861 0.222222 0.008106
2 0.515731 0.688610 0.474649 0.007430
2 0.600340 0.783133 0.656077 0.016212
2 0.359763 0.487472 0.182309 0.006632
2 0.747033 0.186441 0.387271 0.011791
2 0.382956 0.533161 0.209277 0.008106
2 0.679089 0.370860 0.524093 0.007704
2 0.370550 0.469418 0.167206 0.008843
2 0.791262 0.267502 0.292341 0.010317
2 0.679718 0.362564 0.521902 0.013265
2 0.739482 0.213338 0.400216 0.011054
2 0.588457 0.313928 0.376483 0.010317
2 0.585221 0.295505 0.378641 0.008843
2 0.608954 0.407240 0.652643 0.006101
2 0.395361 0.193810 0.208198 0.008843
2 0.791802 0.258290 0.289105 0.009580
2 0.394822 0.211864 0.217907 0.008106
2 0.351133 0.093589 0.145631 0.007369
2 0.795577 0.241710 0.298813 0.011791
2 0.735707 0.194547 0.396980 0.008843
2 0.623345 0.140752 0.682848 0.005638
2 0.578749 0.741710 0.512406 0.014001
2 0.601402 0.812116 0.663430 0.009998
2 0.748112 0.516581 0.404531 0.013265
2 0.438511 0.257922 0.307443 0.008843
2 0.748112 0.542373 0.376483 0.010317
2 0.860841 0.460943 0.170442 0.009580
2 0.677454 0.378040 0.513484 0.011791
2 0.616104 0.651303 0.667745 0.006754
2 0.572816 0.759764 0.537217 0.013265
2 0.381877 0.516581 0.204962 0.010317
2 0.350593 0.102432 0.144552 0.007369
2 0.363538 0.478261 0.181230 0.007369
2 0.606134 0.414689 0.645092 0.005638
2 0.850593 0.469786 0.169364 0.008106
2 0.610605 0.159133 0.673139 0.007408
2 0.598706 0.731761 0.502697 0.011791
2 0.852211 0.479366 0.166127 0.006632
2 0.732548 0.104327 0.436837 0.006146
2 0.514848 0.704769 0.495768 0.007537
2 0.701726 0.580324 0.484358 0.012528
2 0.515621 0.695736 0.484792 0.009010
2 0.439051 0.267502 0.302050 0.008843
2 0.853830 0.489315 0.165049 0.008843
2 0.441208 0.240973 0.321467 0.011791
2 0.388889 0.201916 0.214671 0.008843
2 0.599784 0.794362 0.655879 0.009239
2 0.353290 0.085851 0.152104 0.009580
2 0.439821 0.250044 0.322641 0.008843
2 0.695793 0.598010 0.476807 0.012528
2 0.729467 0.076302 0.434547 0.007028
2 0.613269 0.423061 0.661273 0.005197
2 0.518551 0.678566 0.484358 0.005956
2 0.608954 0.624202 0.659115 0.007430
2 0.734088 0.534267 0.372168 0.007369
2 0.320388 0.304348 0.079827 0.005895
2 0.324164 0.313559 0.083064 0.009580
2 0.738403 0.526898 0.402373 0.013265
2 0.581985 0.305085 0.367853 0.008843
2 0.350193 0.076500 0.140237 0.008106
2 0.615304 0.149632 0.663430 0.005744
2 0.739082 0.202368 0.406688 0.008106
2 0.616260 0.131677 0.680690 0.006816
2 0.323625 0.322402 0.079827 0.008106
2 0.691478 0.570376 0.468177 0.007369
2 0.915858 0.729550 0.051780 0.005895
2 0.584682 0.757553 0.541532 0.008843
2 0.614258 0.634435 0.672060 0.007430
2 0.916397 0.745394 0.048544 0.005158
2 0.682153 0.347910 0.525351 0.013265
2 0.612216 0.642142 0.665885 0.006040
2 0.579288 0.321665 0.362460 0.008106
2 0.309061 0.567428 0.065804 0.007369
2 0.727584 0.085726 0.436175 0.007414
2 0.320239 0.295412 0.080045 0.006024
2 0.609892 0.432808 0.659350 0.007414
2 0.598360 0.801901 0.663420 0.009731
2 0.305994 0.593605 0.065121 0.006488