0 0.259513 0.135106 0.404780 0.023930
0 0.544798 0.132525 0.091967 0.016892
0 0.669298 0.132056 0.090716 0.021584
0 0.516333 0.190474 0.410410 0.018300
0 0.196012 0.190239 0.153904 0.015953
0 0.104671 0.173582 0.036286 0.049268
0 0.064318 0.194228 0.038163 0.025807
0 0.108425 0.253349 0.070070 0.022992
0 0.181936 0.251707 0.026902 0.016892
0 0.368372 0.251942 0.309685 0.019238
0 0.574516 0.250299 0.060060 0.020646
0 0.631135 0.231531 0.044419 0.052553
0 0.673677 0.251003 0.051927 0.019238
1 0.724979 0.221208 0.015641 0.019707
1 0.689944 0.218862 0.010636 0.015015
1 0.659601 0.217454 0.010010 0.011261
1 0.567008 0.235284 0.017518 0.020646
1 0.548552 0.233877 0.016892 0.015015
1 0.536665 0.231061 0.011887 0.010323
1 0.526655 0.232000 0.009384 0.016892
1 0.516958 0.233877 0.013764 0.015953
1 0.500692 0.231061 0.016266 0.019707
1 0.481923 0.235284 0.010010 0.015015
1 0.461590 0.239038 0.013138 0.017830
1 0.452519 0.238334 0.010010 0.011730
1 0.438755 0.235754 0.011261 0.018769
1 0.418735 0.232000 0.028779 0.019707
1 0.425304 0.230123 0.010636 0.016892
1 0.387454 0.229185 0.013764 0.015015
1 0.361803 0.219800 0.010010 0.015953
1 0.326768 0.220035 0.012513 0.017361
1 0.297989 0.229419 0.013764 0.015484
1 0.267021 0.233642 0.020646 0.017361
1 0.246688 0.228246 0.011261 0.011261
1 0.222914 0.225431 0.015015 0.018769
1 0.206648 0.224023 0.016266 0.018769
1 0.197889 0.222146 0.011261 0.008446
1 0.191320 0.217923 0.011887 0.011261
1 0.183187 0.214170 0.011887 0.012200
1 0.173802 0.214639 0.011887 0.012200
1 0.157849 0.221677 0.015015 0.024399
1 0.148465 0.222850 0.012513 0.011730
1 0.139393 0.217219 0.013138 0.010792
1 0.129383 0.216046 0.011887 0.014077
1 0.114681 0.217454 0.012513 0.016892
1 0.097789 0.224023 0.012513 0.017830
1 0.089656 0.233642 0.012513 0.018300
1 0.060251 0.218158 0.015015 0.019238
1 0.123752 0.170532 0.009384 0.012200
1 0.133137 0.172409 0.009384 0.015953
1 0.146275 0.179447 0.009384 0.010323
1 0.175367 0.162790 0.023774 0.020176
1 0.201956 0.160679 0.009384 0.014077
1 0.058375 0.159740 0.015015 0.019707
1 0.214468 0.161148 0.011887 0.015015
1 0.224165 0.161617 0.008759 0.015953
1 0.231986 0.163259 0.013138 0.011730
1 0.239493 0.167482 0.010636 0.009854
1 0.233863 0.164198 0.026902 0.019238
1 0.260764 0.156221 0.011887 0.016423
1 0.269210 0.159271 0.010010 0.010323
1 0.277344 0.161852 0.010010 0.010792
1 0.295799 0.157159 0.024399 0.014546
1 0.331773 0.161852 0.012513 0.016423
1 0.354608 0.156221 0.011887 0.015484
1 0.392459 0.172878 0.010010 0.015953
1 0.404658 0.172644 0.014389 0.016423
1 0.442821 0.171001 0.010636 0.015015
1 0.470036 0.174286 0.017518 0.019707
1 0.488805 0.175459 0.023774 0.022053
1 0.503507 0.176867 0.011887 0.018300
1 0.527594 0.181090 0.015015 0.014546
1 0.548239 0.176397 0.028779 0.015484
1 0.570136 0.176397 0.011261 0.016423
1 0.596413 0.179213 0.012513 0.013607
1 0.613930 0.171471 0.013764 0.016892
1 0.635827 0.167717 0.012513 0.015953
1 0.655534 0.171001 0.010636 0.015015
1 0.672113 0.173113 0.011261 0.013607
1 0.687754 0.172878 0.015015 0.017830
1 0.704959 0.171940 0.016892 0.018769
1 0.719035 0.176163 0.016266 0.016892
1 0.736240 0.182966 0.010636 0.017361
1 0.703816 0.116732 0.011276 0.015435
1 0.686761 0.124026 0.009303 0.011417
1 0.668718 0.121489 0.008739 0.015646
1 0.658710 0.120643 0.011276 0.013532
1 0.632633 0.112609 0.013814 0.017338
1 0.619524 0.111763 0.010713 0.016915
1 0.610644 0.108168 0.009867 0.010572
1 0.603315 0.105737 0.009303 0.016280
1 0.592461 0.107006 0.012968 0.015858
1 0.580198 0.103623 0.014378 0.020932
1 0.556094 0.104468 0.016915 0.023469
1 0.515922 0.113454 0.023399 0.020721
1 0.484206 0.100874 0.020862 0.013743
1 0.461090 0.103094 0.012968 0.018606
1 0.448122 0.099711 0.013532 0.020298
1 0.433180 0.103306 0.010713 0.016915
1 0.415279 0.101191 0.010431 0.013109
1 0.370455 0.101297 0.009867 0.012052
1 0.336766 0.102143 0.011840 0.015858
1 0.307024 0.100874 0.010431 0.013320
1 0.280243 0.100134 0.010995 0.011840
1 0.248528 0.100980 0.010149 0.012263
1 0.216249 0.103411 0.011558 0.015435
1 0.194964 0.101931 0.011840 0.015858
1 0.173116 0.112397 0.009303 0.012263
1 0.142529 0.103517 0.010713 0.010995
1 0.121103 0.103306 0.009585 0.010995
1 0.097845 0.113454 0.010431 0.010995
1 0.076279 0.116837 0.009021 0.012686
1 0.061620 0.101825 0.010713 0.018183
2 0.384008 0.090379 0.665995 0.007911
2 0.387844 0.099729 0.665036 0.006473
2 0.386645 0.109078 0.659762 0.007192
2 0.387124 0.118788 0.657844 0.007192
2 0.386885 0.148276 0.672708 0.005754
2 0.386885 0.158884 0.669831 0.005394
2 0.386885 0.168414 0.666954 0.005754
2 0.388803 0.177943 0.665995 0.005394
2 0.384487 0.206532 0.672708 0.005754
2 0.343492 0.217321 0.591676 0.005035
2 0.384727 0.226850 0.674147 0.005394
2 0.385206 0.236380 0.671270 0.005754