0 0.026451 0.432692 0.024045 0.122596
0 0.122964 0.426683 0.140929 0.122596
0 0.417847 0.410457 0.404754 0.183894
0 0.785198 0.430288 0.331284 0.216346
1 0.112278 0.141226 0.063452 0.143029
1 0.179069 0.280048 0.042078 0.120192
1 0.270239 0.272236 0.040075 0.121394
1 0.361409 0.189303 0.043414 0.147837
1 0.472950 0.227163 0.052765 0.103365
1 0.580817 0.270433 0.041410 0.112981
1 0.774177 0.289063 0.107534 0.176683
1 0.889058 0.265625 0.036735 0.115385
1 0.896405 0.689303 0.040743 0.118990
1 0.781524 0.728966 0.044750 0.123798
1 0.611207 0.725361 0.044750 0.114183
1 0.545084 0.647236 0.070131 0.135817
1 0.400815 0.620192 0.075474 0.209135
1 0.306306 0.593750 0.044082 0.098558
1 0.178401 0.588341 0.040743 0.099760
1 0.081888 0.687500 0.040075 0.100962
2 0.498998 0.841947 0.953108 0.025240
2 0.493989 0.750601 0.967135 0.018029
2 0.496326 0.663462 0.965131 0.019231
2 0.497662 0.569712 0.962459 0.026442
2 0.500000 0.296274 0.965799 0.018029
2 0.503340 0.204327 0.964463 0.016827
2 0.503674 0.115986 0.961123 0.013221