0 0.272916 0.222957 0.485490 0.200721
0 0.279768 0.446514 0.462651 0.219952
0 0.637360 0.341947 0.290380 0.493990
0 0.845194 0.412861 0.114847 0.325721
1 0.769499 0.133413 0.030017 0.204327
1 0.848130 0.148438 0.048941 0.102163
1 0.914689 0.175481 0.065907 0.177885
1 0.968850 0.229567 0.035890 0.103365
1 0.892177 0.785457 0.066559 0.203125
1 0.794296 0.697115 0.096576 0.197115
1 0.656283 0.641827 0.072432 0.194712
1 0.492170 0.797476 0.039152 0.116587
1 0.353178 0.802885 0.039152 0.112981
1 0.203747 0.703125 0.084830 0.141827
1 0.117285 0.699519 0.042415 0.139423
1 0.038980 0.772236 0.017619 0.200721
2 0.876842 0.127404 0.204245 0.014423
2 0.883367 0.218750 0.201635 0.012019
2 0.884020 0.311899 0.202940 0.015625
2 0.520555 0.590745 0.939005 0.018029
2 0.517292 0.683894 0.944226 0.014423
2 0.520881 0.773438 0.943573 0.013221
2 0.512725 0.864183 0.935090 0.021635